0 1
0 3
0 4
0 7
0 8
0 10
0 11
0 15
0 16
0 18
0 22
0 23
0 25
0 26
0 31
0 32
0 34
0 38
0 46
0 47
0 49
0 53
0 62
0 63
0 65
0 66
0 69
0 70
0 72
0 77
0 78
0 84
0 93
0 96
0 100
0 103
0 108
0 125
0 126
0 128
0 129
0 132
0 133
0 135
0 140
0 141
0 143
0 147
0 148
0 150
0 156
0 159
0 163
0 164
0 171
0 178
0 181
0 187
0 188
0 190
0 194
0 202
0 210
0 250
0 251
0 253
0 254
0 257
0 260
0 265
0 269
0 281
0 282
0 284
0 288
0 312
0 319
0 327
0 331
0 375
0 376
0 378
0 385
0 390
0 406
0 409
0 413
0 437
1 0
1 3
1 4
1 7
1 8
1 10
1 11
1 15
1 16
1 18
1 19
1 22
1 23
1 25
1 31
1 32
1 34
1 35
1 38
1 39
1 46
1 47
1 50
1 54
1 62
1 63
1 65
1 66
1 69
1 77
1 78
1 85
1 93
1 109
1 112
1 125
1 126
1 128
1 129
1 132
1 133
1 140
1 141
1 143
1 156
1 157
1 159
1 160
1 163
1 187
1 188
1 195
1 219
1 221
1 250
1 251
1 253
1 254
1 258
1 260
1 261
1 266
1 269
1 281
1 282
1 285
1 289
1 300
1 312
1 313
1 344
1 376
1 385
1 390
1 391
1 407
1 438
1 452
3 0
3 1
3 4
3 7
3 8
3 10
3 11
3 15
3 16
3 18
3 19
3 22
3 23
3 25
3 26
3 31
3 32
3 34
3 35
3 38
3 41
3 46
3 49
3 50
3 62
3 63
3 65
3 66
3 69
3 72
3 80
3 93
3 94
3 111
3 125
3 128
3 129
3 135
3 140
3 143
3 144
3 148
3 156
3 159
3 190
3 205
3 250
3 251
3 253
3 254
3 258
3 260
3 261
3 268
3 276
3 284
3 315
3 322
3 323
3 361
3 378
3 379
3 409
3 416
3 441
4 0
4 1
4 3
4 8
4 11
4 15
4 18
4 19
4 25
4 32
4 34
4 35
4 47
4 50
4 62
4 63
4 65
4 66
4 70
4 78
4 94
4 125
4 128
4 129
4 135
4 136
4 140
4 144
4 150
4 172
4 187
4 190
4 197
4 203
4 251
4 253
4 254
4 258
4 260
4 261
4 268
4 269
4 313
4 323
4 378
7 0
7 1
7 3
7 4
7 8
7 10
7 11
7 15
7 16
7 18
7 19
7 22
7 23
7 31
7 32
7 34
7 38
7 39
7 41
7 46
7 47
7 53
7 56
7 62
7 63
7 69
7 70
7 72
7 77
7 84
7 85
7 87
7 100
7 103
7 125
7 126
7 128
7 132
7 133
7 135
7 136
7 140
7 148
7 150
7 159
7 163
7 166
7 187
7 190
7 250
7 251
7 257
7 258
7 260
7 272
7 275
7 281
7 284
7 288
7 289
7 312
7 313
7 319
7 327
7 334
7 335
7 350
7 351
7 375
7 382
7 383
7 386
7 445
8 0
8 1
8 3
8 7
8 11
8 16
8 22
8 23
8 32
8 35
8 39
8 42
8 62
8 63
8 69
8 70
8 85
8 104
8 109
8 116
8 125
8 126
8 129
8 132
8 133
8 136
8 141
8 147
8 164
8 194
8 195
8 251
8 257
8 258
8 304
8 320
8 328
10 0
10 3
10 4
10 7
10 8
10 15
10 18
10 22
10 25
10 31
10 34
10 35
10 38
10 41
10 49
10 56
10 62
10 65
10 72
10 73
10 104
10 118
10 125
10 128
10 129
10 132
10 135
10 136
10 150
10 163
10 166
10 167
10 250
10 253
10 257
10 260
10 261
10 275
10 276
10 291
10 316
10 322
10 386
10 416
11 0
11 1
11 3
11 4
11 8
11 10
11 23
11 26
11 32
11 34
11 35
11 39
11 42
11 70
11 72
11 73
11 126
11 128
11 129
11 132
11 133
11 136
11 191
11 197
11 251
11 253
11 258
11 260
11 323
11 338
11 448
15 0
15 1
15 3
15 4
15 7
15 8
15 16
15 18
15 19
15 22
15 23
15 25
15 31
15 32
15 34
15 41
15 46
15 47
15 49
15 53
15 54
15 62
15 69
15 77
15 78
15 84
15 87
15 93
15 94
15 97
15 109
15 111
15 125
15 128
15 132
15 140
15 141
15 143
15 147
15 157
15 172
15 174
15 187
15 190
15 194
15 202
15 233
15 250
15 251
15 253
15 257
15 265
15 266
15 268
15 272
15 281
15 288
15 296
15 297
15 299
15 327
15 390
15 428
15 452
16 0
16 1
16 4
16 8
16 15
16 18
16 19
16 23
16 31
16 32
16 46
16 47
16 53
16 54
16 63
16 66
16 77
16 78
16 81
16 85
16 108
16 126
16 128
16 132
16 133
16 140
16 141
16 157
16 172
16 175
16 187
16 202
16 203
16 251
16 266
16 268
16 282
16 344
16 397
16 421
16 425
16 438
18 0
18 1
18 3
18 4
18 7
18 10
18 15
18 16
18 19
18 22
18 25
18 31
18 34
18 35
18 41
18 46
18 49
18 50
18 54
18 56
18 65
18 69
18 80
18 81
18 109
18 111
18 125
18 128
18 140
18 143
18 150
18 157
18 159
18 171
18 174
18 175
18 265
18 268
18 269
18 275
18 291
18 296
18 297
18 299
18 315
18 409
18 440
19 0
19 1
19 4
19 8
19 10
19 15
19 16
19 18
19 22
19 25
19 26
19 46
19 47
19 49
19 50
19 63
19 66
19 80
19 81
19 109
19 118
19 126
19 129
19 143
19 144
19 148
19 160
19 191
19 203
19 206
19 250
19 251
19 254
19 268
19 269
19 296
19 400
22 0
22 3
22 7
22 8
22 10
22 15
22 16
22 18
22 23
22 25
22 31
22 38
22 39
22 46
22 47
22 49
22 53
22 54
22 62
22 63
22 69
22 77
22 84
22 115
22 125
22 132
22 140
22 147
22 150
22 156
22 202
22 209
22 233
22 250
22 265
22 272
22 273
22 276
22 319
22 320
22 334
22 358
22 469
23 1
23 8
23 11
23 15
23 16
23 18
23 22
23 38
23 50
23 54
23 69
23 73
23 84
23 85
23 126
23 140
23 164
23 194
23 250
23 251
23 261
23 265
23 266
23 273
23 303
23 328
23 365
23 391
23 397
25 0
25 7
25 10
25 15
25 16
25 18
25 19
25 22
25 23
25 26
25 38
25 56
25 62
25 87
25 88
25 136
25 143
25 150
25 151
25 171
25 212
25 265
25 268
25 272
25 275
25 306
25 361
25 390
25 397
25 400
26 1
26 4
26 16
26 23
26 25
26 73
26 126
26 147
26 148
26 151
26 164
26 401
31 0
31 1
31 3
31 7
31 10
31 15
31 16
31 18
31 32
31 34
31 35
31 38
31 39
31 41
31 46
31 47
31 49
31 53
31 62
31 65
31 73
31 77
31 93
31 94
31 96
31 97
31 100
31 101
31 108
31 109
31 115
31 125
31 126
31 132
31 133
31 156
31 159
31 164
31 171
31 174
31 175
31 181
31 190
31 218
31 221
31 225
31 250
31 257
31 265
31 281
31 282
31 284
31 288
31 296
31 297
31 299
31 303
31 312
31 313
31 343
31 344
31 346
31 350
31 378
31 409
31 414
31 421
32 0
32 1
32 3
32 4
32 8
32 16
32 23
32 31
32 34
32 35
32 38
32 39
32 42
32 46
32 47
32 49
32 50
32 57
32 62
32 93
32 94
32 97
32 100
32 125
32 126
32 132
32 156
32 157
32 172
32 179
32 191
32 194
32 219
32 250
32 251
32 258
32 265
32 281
32 285
32 289
32 304
32 343
32 344
32 347
32 351
32 383
34 0
34 1
34 3
34 4
34 7
34 8
34 10
34 18
34 31
34 32
34 35
34 38
34 39
34 41
34 46
34 47
34 49
34 50
34 57
34 62
34 80
34 93
34 96
34 103
34 108
34 112
34 125
34 128
34 135
34 136
34 156
34 159
34 174
34 228
34 250
34 253
34 254
34 268
34 269
34 281
34 284
34 285
34 288
34 351
35 1
35 3
35 4
35 8
35 11
35 31
35 34
35 42
35 46
35 47
35 49
35 50
35 57
35 94
35 97
35 125
35 128
35 136
35 160
35 182
35 218
35 221
35 251
35 254
35 281
35 285
35 320
35 346
38 0
38 3
38 7
38 8
38 18
38 22
38 23
38 25
38 31
38 32
38 34
38 39
38 41
38 42
38 46
38 47
38 49
38 53
38 54
38 69
38 70
38 72
38 93
38 96
38 100
38 115
38 129
38 132
38 135
38 156
38 163
38 174
38 191
38 197
38 250
38 257
38 269
38 281
38 288
38 303
38 350
38 414
38 416
38 437
39 7
39 8
39 11
39 25
39 31
39 32
39 34
39 35
39 38
39 41
39 42
39 53
39 54
39 63
39 66
39 73
39 93
39 94
39 100
39 115
39 126
39 132
39 163
39 164
39 166
39 225
39 258
39 288
39 289
39 291
39 296
39 319
41 0
41 1
41 3
41 4
41 10
41 11
41 23
41 25
41 31
41 34
41 35
41 38
41 42
41 46
41 56
41 57
41 69
41 96
41 103
41 126
41 128
41 159
41 163
41 166
41 225
41 229
41 257
41 275
41 281
41 284
41 288
41 289
41 291
41 306
41 322
41 350
41 397
41 416
42 3
42 25
42 32
42 41
42 72
42 73
42 132
42 157
42 167
42 334
46 0
46 7
46 15
46 16
46 18
46 19
46 25
46 31
46 32
46 34
46 38
46 39
46 41
46 47
46 49
46 50
46 53
46 54
46 69
46 93
46 94
46 108
46 125
46 140
46 147
46 157
46 159
46 171
46 174
46 209
46 218
46 219
46 250
46 251
46 272
46 281
46 282
46 288
46 296
46 299
46 303
46 330
46 358
46 365
47 0
47 1
47 4
47 8
47 15
47 16
47 18
47 19
47 23
47 31
47 32
47 39
47 46
47 54
47 78
47 84
47 93
47 94
47 109
47 111
47 140
47 156
47 157
47 174
47 265
47 285
47 297
47 300
47 313
47 327
47 359
49 1
49 3
49 15
49 18
49 19
49 22
49 31
49 32
49 34
49 41
49 46
49 56
49 62
49 65
49 80
49 96
49 100
49 111
49 140
49 253
49 281
49 296
49 378
49 422
50 4
50 15
50 19
50 32
50 35
50 39
50 56
50 81
50 125
50 175
53 1
53 7
53 15
53 19
53 22
53 23
53 25
53 31
53 38
53 42
53 46
53 49
53 54
53 62
53 84
53 115
53 125
53 126
53 150
53 171
53 265
53 272
53 291
53 306
53 307
53 365
53 428
54 23
54 31
54 34
54 38
54 39
54 46
54 47
54 53
54 77
54 78
54 100
54 101
54 136
54 148
54 273
54 282
54 296
54 300
54 304
54 366
56 3
56 8
56 10
56 23
56 38
56 46
56 49
56 53
56 54
56 84
56 111
56 119
56 156
56 174
56 288
56 300
56 306
57 4
57 7
57 8
57 19
57 23
57 26
57 32
57 39
57 42
57 54
57 112
57 118
57 369
62 0
62 1
62 3
62 4
62 7
62 15
62 16
62 18
62 22
62 25
62 31
62 34
62 38
62 46
62 47
62 63
62 65
62 66
62 69
62 70
62 72
62 77
62 78
62 80
62 88
62 93
62 94
62 96
62 100
62 125
62 126
62 128
62 132
62 140
62 157
62 187
62 188
62 190
62 194
62 195
62 197
62 202
62 209
62 218
62 219
62 221
62 222
62 236
62 250
62 251
62 253
62 257
62 258
62 260
62 265
62 268
62 296
62 312
62 313
62 315
62 322
62 323
62 327
62 343
62 344
62 353
62 375
62 437
63 0
63 1
63 4
63 7
63 8
63 15
63 16
63 19
63 32
63 34
63 35
63 42
63 46
63 47
63 54
63 62
63 65
63 66
63 69
63 70
63 77
63 78
63 94
63 108
63 125
63 126
63 129
63 133
63 148
63 151
63 157
63 187
63 190
63 191
63 195
63 219
63 250
63 254
63 268
63 312
63 316
63 319
63 320
63 343
63 407
63 438
63 452
63 453
63 460
65 0
65 1
65 3
65 4
65 8
65 10
65 15
65 22
65 25
65 26
65 34
65 47
65 62
65 63
65 66
65 69
65 70
65 72
65 77
65 78
65 80
65 81
65 87
65 93
65 94
65 96
65 97
65 103
65 108
65 111
65 129
65 135
65 175
65 187
65 190
65 197
65 205
65 221
65 250
65 253
65 260
65 275
65 288
65 312
65 315
65 316
65 334
65 455
66 0
66 1
66 3
66 4
66 11
66 19
66 32
66 35
66 62
66 63
66 65
66 69
66 70
66 73
66 78
66 81
66 101
66 103
66 111
66 112
66 129
66 187
66 191
66 198
66 206
66 221
66 253
66 258
66 261
66 312
66 315
66 316
66 319
66 323
66 330
66 361
66 441
69 0
69 3
69 7
69 8
69 10
69 15
69 22
69 26
69 31
69 38
69 62
69 65
69 70
69 72
69 77
69 78
69 80
69 84
69 94
69 100
69 125
69 132
69 136
69 190
69 194
69 195
69 218
69 225
69 250
69 251
69 257
69 258
69 265
69 272
69 303
69 319
69 322
69 366
69 437
70 0
70 3
70 7
70 8
70 16
70 26
70 62
70 63
70 66
70 69
70 73
70 80
70 81
70 88
70 101
70 104
70 108
70 125
70 126
70 188
70 194
70 195
70 258
70 272
70 313
70 319
70 320
70 330
70 335
70 358
70 437
70 444
72 1
72 3
72 7
72 10
72 11
72 22
72 62
72 65
72 69
72 77
72 84
72 87
72 96
72 103
72 190
72 197
72 210
72 258
72 315
72 316
72 320
72 353
72 385
72 424
73 1
73 3
73 11
73 16
73 65
73 72
73 80
73 85
73 104
73 194
73 195
73 400
77 0
77 1
77 3
77 4
77 7
77 15
77 16
77 19
77 22
77 25
77 31
77 47
77 62
77 63
77 69
77 73
77 78
77 80
77 84
77 93
77 96
77 108
77 125
77 140
77 171
77 187
77 205
77 210
77 265
77 296
77 319
77 320
77 327
77 328
77 330
77 406
78 1
78 8
78 15
78 16
78 18
78 22
78 23
78 26
78 46
78 63
78 66
78 69
78 77
78 81
78 84
78 85
78 87
78 94
78 97
78 109
78 133
78 141
78 157
78 202
78 265
78 266
78 328
78 335
80 10
80 15
80 16
80 18
80 19
80 23
80 25
80 62
80 63
80 65
80 77
80 78
80 81
80 84
80 87
80 96
80 97
80 111
80 125
80 132
80 140
80 143
80 159
80 190
80 205
80 206
80 212
80 268
80 315
80 322
80 330
80 331
80 343
80 440
80 455
81 3
81 18
81 19
81 65
81 66
81 77
81 78
81 80
81 87
81 97
81 112
81 205
81 258
81 328
81 376
81 409
84 0
84 8
84 10
84 15
84 16
84 22
84 25
84 38
84 54
84 65
84 69
84 70
84 72
84 77
84 80
84 85
84 93
84 111
84 115
84 140
84 147
84 187
84 194
84 195
84 209
84 218
84 257
84 265
84 272
84 297
84 320
84 327
84 334
84 429
85 8
85 22
85 23
85 47
85 63
85 69
85 70
85 72
85 77
85 84
85 87
85 133
85 209
85 334
85 335
85 428
87 65
87 73
87 78
87 96
87 108
87 178
87 212
87 244
87 251
87 322
87 337
88 11
88 25
88 65
88 66
88 69
88 73
88 85
88 87
88 195
88 198
88 331
88 347
93 0
93 1
93 3
93 4
93 31
93 32
93 34
93 46
93 47
93 62
93 63
93 65
93 69
93 72
93 94
93 96
93 97
93 100
93 108
93 109
93 111
93 112
93 116
93 118
93 140
93 156
93 157
93 163
93 172
93 187
93 218
93 219
93 225
93 250
93 281
93 282
93 288
93 296
93 312
93 313
93 343
93 358
93 407
93 413
93 437
93 468
94 0
94 1
94 31
94 32
94 35
94 57
94 62
94 63
94 69
94 70
94 77
94 78
94 93
94 96
94 97
94 100
94 101
94 108
94 109
94 126
94 178
94 187
94 191
94 218
94 219
94 222
94 281
94 282
94 343
94 346
94 350
94 490
96 0
96 3
96 4
96 15
96 31
96 34
96 35
96 42
96 49
96 65
96 69
96 93
96 94
96 97
96 101
96 103
96 111
96 118
96 159
96 163
96 166
96 171
96 174
96 190
96 221
96 222
96 226
96 281
96 312
96 343
96 346
96 353
97 1
97 3
97 35
97 63
97 66
97 93
97 94
97 96
97 101
97 103
97 116
97 219
97 221
97 222
97 296
97 323
97 351
97 362
100 0
100 1
100 7
100 31
100 32
100 34
100 38
100 41
100 54
100 62
100 70
100 72
100 77
100 96
100 101
100 103
100 115
100 132
100 163
100 164
100 194
100 202
100 258
100 319
100 343
100 350
100 351
100 468
100 469
101 4
101 16
101 26
101 39
101 42
101 62
101 69
101 94
101 96
101 97
101 100
101 104
101 116
101 188
101 219
101 281
101 289
101 319
101 320
101 351
103 10
103 41
103 69
103 72
103 73
103 80
103 93
103 96
103 104
103 163
103 166
103 292
103 346
104 11
104 78
104 94
104 253
104 354
108 31
108 32
108 46
108 53
108 62
108 63
108 69
108 77
108 80
108 87
108 93
108 100
108 101
108 109
108 111
108 115
108 116
108 119
108 125
108 140
108 202
108 225
108 233
108 272
108 343
108 361
108 390
109 0
109 16
109 32
109 38
109 47
109 54
109 62
109 77
109 78
109 94
109 100
109 108
109 112
109 119
109 171
109 194
109 328
109 347
111 1
111 7
111 18
111 19
111 34
111 46
111 49
111 50
111 65
111 80
111 93
111 96
111 97
111 108
111 118
111 144
111 260
111 285
111 303
111 334
111 344
111 393
112 7
112 46
112 78
112 81
112 88
112 94
112 300
112 361
112 362
115 22
115 46
115 53
115 62
115 65
115 69
115 100
115 108
115 119
115 178
115 194
115 202
115 221
115 365
116 16
116 32
116 53
116 54
116 101
116 109
116 115
116 129
118 25
118 49
118 94
118 115
118 116
118 174
118 190
119 53
119 112
119 285
119 328
119 369
125 0
125 1
125 3
125 4
125 7
125 10
125 11
125 15
125 16
125 18
125 22
125 31
125 32
125 34
125 35
125 38
125 46
125 47
125 49
125 62
125 63
125 77
125 84
125 93
125 103
125 126
125 128
125 129
125 132
125 135
125 140
125 141
125 143
125 147
125 156
125 157
125 159
125 163
125 164
125 166
125 171
125 174
125 187
125 190
125 194
125 197
125 202
125 218
125 219
125 225
125 250
125 251
125 253
125 254
125 257
125 260
125 265
125 268
125 272
125 281
125 319
125 327
125 350
125 375
125 376
125 378
125 382
125 385
125 386
125 390
125 400
125 406
125 409
125 437
125 440
125 455
125 462
126 0
126 1
126 3
126 4
126 7
126 8
126 16
126 31
126 32
126 35
126 63
126 66
126 69
126 93
126 101
126 125
126 128
126 129
126 132
126 133
126 141
126 150
126 151
126 157
126 171
126 187
126 188
126 190
126 191
126 197
126 198
126 202
126 203
126 219
126 250
126 251
126 273
126 375
126 376
126 379
126 382
126 407
126 469
126 484
128 0
128 1
128 3
128 7
128 10
128 15
128 18
128 31
128 34
128 38
128 65
128 88
128 96
128 125
128 126
128 129
128 132
128 133
128 135
128 136
128 140
128 143
128 156
128 159
128 167
128 174
128 187
128 190
128 191
128 194
128 202
128 205
128 221
128 250
128 253
128 254
128 375
128 378
128 382
128 385
128 386
128 407
128 421
128 437
128 440
128 468
129 1
129 3
129 4
129 11
129 34
129 35
129 62
129 125
129 126
129 128
129 135
129 136
129 140
129 144
129 157
129 160
129 187
129 191
129 250
129 315
129 379
129 438
129 453
132 0
132 3
132 7
132 8
132 15
132 22
132 25
132 31
132 32
132 38
132 62
132 69
132 125
132 126
132 129
132 133
132 135
132 140
132 147
132 148
132 156
132 157
132 159
132 163
132 164
132 166
132 171
132 187
132 188
132 194
132 219
132 229
132 253
132 257
132 288
132 312
132 343
132 375
132 378
132 382
132 383
132 397
132 409
132 413
132 414
132 478
133 0
133 1
133 4
133 7
133 8
133 23
133 35
133 70
133 72
133 125
133 126
133 129
133 132
133 136
133 144
133 147
133 148
133 150
133 156
133 160
133 163
133 164
133 172
133 187
133 202
133 257
133 258
133 379
133 383
133 398
133 437
135 3
135 7
135 8
135 11
135 23
135 25
135 38
135 41
135 72
135 118
135 125
135 128
135 132
135 133
135 136
135 143
135 151
135 156
135 159
135 160
135 164
135 166
135 181
135 190
135 197
135 212
135 226
135 253
135 260
135 266
135 275
135 378
135 385
135 400
135 401
135 406
135 447
136 1
136 10
136 11
136 22
136 25
136 42
136 65
136 72
136 129
136 132
136 133
136 195
136 213
136 257
136 289
136 307
136 375
136 383
136 386
136 441
140 0
140 1
140 3
140 4
140 15
140 16
140 19
140 22
140 23
140 31
140 38
140 46
140 54
140 62
140 72
140 77
140 125
140 126
140 128
140 132
140 136
140 141
140 143
140 144
140 147
140 148
140 150
140 171
140 172
140 174
140 188
140 194
140 202
140 203
140 205
140 209
140 250
140 257
140 265
140 268
140 288
140 312
140 319
140 375
140 378
140 390
140 393
140 456
140 459
141 1
141 4
141 7
141 15
141 16
141 23
141 31
141 39
141 125
141 126
141 128
141 135
141 140
141 144
141 147
141 148
141 156
141 179
141 188
141 203
141 206
141 210
141 266
141 346
141 376
141 391
141 438
143 0
143 3
143 10
143 15
143 18
143 47
143 49
143 80
143 125
143 128
143 140
143 141
143 144
143 150
143 172
143 174
143 191
143 205
143 212
143 268
143 275
143 390
143 393
143 400
144 10
144 19
144 47
144 126
144 140
144 164
144 172
144 175
144 202
144 212
144 390
144 394
144 425
147 7
147 15
147 22
147 84
147 85
147 126
147 132
147 140
147 150
147 156
147 163
147 164
147 167
147 174
147 194
147 213
147 241
147 258
147 382
147 390
147 391
147 397
147 398
147 428
147 429
147 459
148 3
148 8
148 11
148 22
148 23
148 73
148 87
148 132
148 133
148 140
148 147
148 151
148 164
148 273
148 383
148 393
148 398
150 0
150 10
150 15
150 18
150 25
150 46
150 49
150 69
150 84
150 87
150 88
150 135
150 143
150 144
150 147
150 338
150 350
150 417
150 445
150 452
151 25
151 35
151 88
151 128
151 182
151 198
151 203
151 379
151 385
151 397
156 0
156 1
156 3
156 7
156 31
156 32
156 34
156 38
156 39
156 46
156 49
156 53
156 62
156 77
156 93
156 108
156 112
156 125
156 126
156 128
156 129
156 132
156 135
156 140
156 144
156 147
156 157
156 159
156 160
156 163
156 171
156 172
156 218
156 251
156 344
156 375
156 382
156 406
156 407
156 438
157 1
157 31
157 32
157 34
157 38
157 39
157 93
157 94
157 96
157 125
157 126
157 128
157 129
157 132
157 156
157 159
157 160
157 163
157 164
157 166
157 172
157 174
157 179
157 187
157 219
157 250
157 410
159 3
159 34
159 46
159 80
159 96
159 125
159 126
159 128
159 132
159 135
159 136
159 143
159 156
159 174
159 221
159 253
159 284
159 300
159 315
159 375
159 385
159 406
159 409
159 414
159 416
160 0
160 4
160 8
160 18
160 19
160 31
160 32
160 34
160 39
160 129
160 156
160 157
160 159
160 174
160 175
160 187
160 191
160 254
160 282
160 410
160 447
163 7
163 26
163 31
163 38
163 39
163 41
163 46
163 87
163 100
163 128
163 132
163 133
163 135
163 140
163 156
163 164
163 166
163 178
163 179
163 187
163 194
163 195
163 218
163 225
163 281
163 288
163 289
163 406
163 407
163 421
163 444
164 16
164 23
164 34
164 38
164 94
164 125
164 129
164 132
164 133
164 147
164 148
164 156
164 157
164 160
164 163
164 171
164 414
166 38
166 41
166 65
166 73
166 97
166 104
166 125
166 132
166 135
166 157
166 159
166 167
166 174
166 181
166 197
166 198
166 219
166 228
166 229
166 281
166 291
166 304
167 26
167 50
167 93
167 104
167 157
167 164
167 260
167 416
171 0
171 1
171 7
171 15
171 23
171 31
171 32
171 38
171 46
171 62
171 85
171 94
171 108
171 109
171 125
171 128
171 133
171 135
171 140
171 141
171 143
171 147
171 156
171 163
171 172
171 178
171 296
171 406
171 413
171 421
171 429
172 1
172 15
172 47
172 63
172 133
172 140
172 141
172 156
172 159
172 163
172 175
172 219
172 234
172 296
172 366
172 376
172 469
174 18
174 49
174 78
174 128
174 143
174 150
174 157
174 218
174 233
174 292
174 296
174 382
174 390
174 416
174 421
175 35
175 50
175 136
175 143
175 157
175 174
175 182
175 285
175 422
175 424
178 7
178 31
178 53
178 108
178 140
178 150
178 157
178 163
178 171
178 225
178 233
178 265
178 303
179 22
179 135
179 148
179 240
179 241
179 394
181 53
181 54
181 56
181 156
181 174
181 272
182 229
182 390
182 416
187 0
187 1
187 7
187 32
187 34
187 62
187 63
187 65
187 69
187 73
187 78
187 93
187 94
187 108
187 125
187 126
187 128
187 129
187 132
187 140
187 141
187 156
187 160
187 163
187 171
187 188
187 190
187 191
187 194
187 195
187 197
187 202
187 209
187 210
187 218
187 219
187 250
187 253
187 281
187 296
187 334
187 375
187 378
187 382
187 385
187 390
187 437
187 440
187 445
187 452
188 1
188 11
188 32
188 63
188 66
188 70
188 85
188 125
188 128
188 129
188 132
188 133
188 141
188 157
188 187
188 190
188 191
188 194
188 195
188 202
188 203
188 206
188 219
188 233
188 320
188 438
190 0
190 3
190 10
190 34
190 35
190 62
190 65
190 66
190 69
190 72
190 93
190 97
190 108
190 128
190 129
190 135
190 143
190 157
190 187
190 191
190 197
190 202
190 212
190 218
190 221
190 229
190 268
190 312
190 385
190 390
190 437
190 441
191 3
191 16
191 65
191 72
191 73
191 81
191 125
191 129
191 187
191 188
191 213
191 219
191 225
191 251
191 386
194 0
194 7
194 62
194 69
194 70
194 125
194 132
194 140
194 163
194 187
194 188
194 195
194 197
194 209
194 218
194 222
194 225
194 226
194 319
194 322
194 375
194 444
195 54
195 62
195 101
195 125
195 126
195 132
195 133
195 164
195 187
195 188
195 194
195 198
195 202
195 206
195 219
195 225
195 320
195 414
195 444
197 3
197 34
197 41
197 65
197 72
197 100
197 103
197 132
197 135
197 166
197 194
197 195
197 212
197 225
197 250
197 272
197 289
197 413
197 440
197 447
197 471
198 11
198 19
198 70
198 97
198 132
198 190
198 228
202 0
202 7
202 15
202 62
202 65
202 69
202 77
202 84
202 109
202 125
202 140
202 143
202 147
202 156
202 172
202 174
202 191
202 203
202 205
202 206
202 210
202 218
202 233
202 236
202 327
202 334
202 361
202 391
202 397
202 421
202 452
202 453
203 0
203 1
203 16
203 63
203 69
203 81
203 85
203 88
203 141
203 143
203 197
203 237
203 328
203 452
205 18
205 65
205 77
205 80
205 81
205 87
205 128
205 135
205 140
205 143
205 175
205 187
205 190
205 202
205 206
205 327
206 66
206 80
206 129
206 135
206 144
206 203
206 338
206 441
209 7
209 10
209 65
209 69
209 85
209 125
209 147
209 150
209 171
209 181
209 187
209 194
209 202
209 205
209 312
209 444
209 452
210 16
210 70
210 141
210 194
210 195
210 209
212 10
212 25
212 133
212 143
212 151
212 187
212 197
212 213
212 244
213 4
213 25
213 69
213 88
213 187
213 191
213 212
213 244
213 453
213 459
213 463
218 7
218 15
218 31
218 32
218 46
218 62
218 63
218 65
218 69
218 84
218 93
218 94
218 103
218 126
218 147
218 156
218 159
218 160
218 163
218 171
218 187
218 188
218 202
218 221
218 225
218 240
218 250
218 281
218 297
218 343
218 350
218 406
218 483
219 32
219 47
219 69
219 93
219 94
219 109
219 112
219 126
219 156
219 157
219 159
219 172
219 178
219 188
219 205
219 221
219 493
221 34
221 65
221 72
221 96
221 125
221 128
221 159
221 191
221 203
221 205
221 219
221 228
221 236
221 385
221 406
221 409
221 468
222 4
222 97
222 159
222 160
222 191
222 409
225 38
225 62
225 69
225 84
225 100
225 103
225 115
225 141
225 160
225 163
225 218
225 240
225 243
225 438
226 69
226 163
226 174
226 191
226 203
226 225
226 234
226 319
228 65
228 87
228 96
228 103
228 128
228 166
228 190
228 225
228 343
228 440
228 479
229 85
229 112
229 119
229 136
229 163
229 222
233 84
233 108
233 111
233 156
233 172
233 187
233 202
233 218
233 240
233 304
233 382
233 394
233 424
233 483
234 108
234 109
234 219
234 266
234 422
236 96
236 141
236 143
236 171
236 188
236 205
236 243
236 378
236 486
240 69
240 118
240 171
240 194
240 210
240 218
240 226
240 243
240 468
241 39
241 187
241 203
243 80
243 115
243 118
243 143
243 150
243 236
243 462
244 398
250 0
250 1
250 3
250 4
250 7
250 8
250 10
250 11
250 15
250 16
250 18
250 22
250 31
250 34
250 38
250 41
250 62
250 63
250 65
250 69
250 73
250 93
250 125
250 128
250 129
250 132
250 140
250 156
250 159
250 251
250 253
250 254
250 257
250 258
250 260
250 261
250 265
250 266
250 268
250 281
250 282
250 284
250 291
250 297
250 303
250 312
250 313
250 315
250 319
250 327
250 334
250 343
250 346
250 375
250 376
250 378
250 382
250 390
250 391
250 393
250 406
250 407
250 409
250 428
251 0
251 1
251 4
251 8
251 15
251 16
251 18
251 31
251 32
251 39
251 47
251 94
251 126
251 132
251 140
251 144
251 148
251 160
251 187
251 250
251 253
251 257
251 258
251 265
251 266
251 269
251 273
251 281
251 285
251 312
251 313
251 316
251 328
251 358
251 375
251 376
251 379
251 383
251 407
251 468
253 0
253 1
253 3
253 4
253 10
253 11
253 15
253 16
253 19
253 31
253 34
253 49
253 50
253 62
253 65
253 96
253 128
253 136
253 163
253 174
253 190
253 250
253 254
253 260
253 265
253 268
253 275
253 281
253 284
253 285
253 288
253 289
253 296
253 299
253 315
253 316
253 343
253 346
253 347
253 361
253 375
253 378
253 386
253 390
253 393
253 406
253 421
253 447
254 0
254 1
254 3
254 4
254 16
254 32
254 35
254 56
254 84
254 97
254 125
254 129
254 136
254 143
254 250
254 251
254 253
254 257
254 260
254 266
254 284
254 285
254 297
254 299
254 300
254 316
254 320
254 331
254 347
254 379
254 444
257 0
257 1
257 7
257 8
257 11
257 15
257 22
257 23
257 25
257 31
257 35
257 38
257 39
257 62
257 63
257 69
257 84
257 93
257 100
257 132
257 250
257 251
257 253
257 258
257 260
257 261
257 265
257 272
257 275
257 281
257 282
257 288
257 296
257 303
257 316
257 319
257 322
257 337
257 375
257 376
257 382
257 397
257 416
257 428
258 0
258 1
258 4
258 7
258 8
258 22
258 23
258 38
258 39
258 63
258 70
258 73
258 78
258 85
258 97
258 101
258 132
258 157
258 195
258 250
258 251
258 260
258 266
258 289
258 291
258 292
258 313
258 319
258 320
258 327
258 335
258 338
258 344
258 366
258 428
260 0
260 7
260 10
260 11
260 25
260 31
260 34
260 38
260 73
260 197
260 250
260 253
260 254
260 257
260 261
260 272
260 282
260 291
260 320
260 322
260 353
260 385
260 401
260 447
260 448
261 4
261 8
261 10
261 128
261 136
261 167
261 195
261 197
261 254
261 257
261 258
261 260
261 272
261 276
261 292
261 315
261 322
261 441
265 0
265 3
265 4
265 8
265 15
265 16
265 18
265 22
265 46
265 47
265 49
265 62
265 63
265 77
265 93
265 100
265 108
265 125
265 126
265 140
265 178
265 250
265 251
265 257
265 258
265 266
265 268
265 269
265 272
265 281
265 284
265 288
265 296
265 299
265 304
265 306
265 312
265 319
265 327
265 328
265 343
265 361
265 375
265 379
265 382
265 397
265 452
265 453
266 1
266 4
266 8
266 11
266 15
266 16
266 22
266 23
266 32
266 46
266 65
266 78
266 116
266 141
266 147
266 156
266 179
266 194
266 244
266 251
266 254
266 265
266 269
266 272
266 282
266 296
266 320
266 327
266 328
266 375
266 390
266 438
268 0
268 3
268 10
268 11
268 18
268 49
268 72
268 77
268 111
268 187
268 250
268 253
268 265
268 266
268 269
268 272
268 275
268 276
268 284
268 296
268 299
268 316
268 330
268 358
268 361
268 390
269 1
269 4
269 16
269 49
269 81
269 143
269 260
269 265
269 266
269 276
269 296
269 297
269 303
269 312
269 378
269 390
269 394
269 397
272 7
272 15
272 22
272 53
272 84
272 147
272 148
272 203
272 250
272 257
272 258
272 265
272 266
272 268
272 275
272 296
272 303
272 315
272 358
272 397
272 416
272 425
272 429
272 431
272 483
273 1
273 8
273 22
273 23
273 54
273 78
273 148
273 269
273 276
273 281
273 289
273 300
273 303
273 306
273 313
273 359
275 1
275 10
275 15
275 18
275 25
275 26
275 42
275 53
275 54
275 251
275 258
275 260
275 265
275 268
275 269
275 272
275 273
275 288
275 292
275 306
275 319
275 330
275 397
275 441
276 16
276 22
276 128
276 334
276 369
281 0
281 1
281 3
281 7
281 8
281 31
281 32
281 34
281 39
281 41
281 46
281 49
281 53
281 62
281 69
281 94
281 96
281 109
281 125
281 143
281 156
281 159
281 164
281 221
281 250
281 251
281 253
281 257
281 258
281 265
281 268
281 282
281 284
281 285
281 288
281 289
281 296
281 297
281 304
281 315
281 343
281 375
281 382
281 406
281 407
281 409
281 421
281 422
281 425
281 475
282 0
282 1
282 8
282 32
282 38
282 46
282 47
282 54
282 94
282 96
282 97
282 126
282 141
282 148
282 250
282 251
282 266
282 268
282 281
282 284
282 285
282 292
282 297
282 304
282 312
282 313
282 319
282 347
282 376
282 407
282 421
284 3
284 31
284 34
284 38
284 41
284 42
284 46
284 49
284 80
284 93
284 108
284 128
284 143
284 250
284 251
284 253
284 268
284 269
284 281
284 282
284 291
284 292
284 297
284 299
284 315
284 327
284 346
284 406
284 409
284 410
285 4
285 19
285 35
285 39
285 42
285 46
285 50
285 250
285 254
285 273
285 281
285 289
285 292
285 297
285 316
288 7
288 15
288 31
288 38
288 39
288 41
288 46
288 100
288 101
288 111
288 250
288 251
288 253
288 257
288 272
288 281
288 282
288 284
288 289
288 291
288 303
288 304
288 312
288 350
288 382
288 406
288 409
288 413
288 416
289 38
289 39
289 46
289 101
289 148
289 164
289 166
289 251
289 257
289 258
289 275
289 282
289 292
289 350
289 406
289 438
291 42
291 103
291 163
291 253
291 260
291 275
291 276
291 281
291 284
291 288
291 322
291 353
292 0
292 31
292 254
292 281
292 289
292 304
292 353
292 379
292 416
296 15
296 22
296 38
296 41
296 46
296 49
296 53
296 54
296 84
296 108
296 109
296 171
296 250
296 251
296 257
296 265
296 281
296 282
296 288
296 300
296 303
296 304
296 331
296 344
296 361
296 375
296 391
296 424
296 468
297 15
297 19
297 47
297 53
297 109
297 163
297 171
297 251
297 272
297 273
297 282
297 284
297 285
297 312
297 331
297 343
297 344
297 351
299 18
299 46
299 96
299 112
299 260
299 268
299 281
299 284
299 296
299 300
299 315
299 393
299 406
299 478
300 47
300 50
300 254
300 281
300 299
300 462
303 34
303 38
303 53
303 54
303 56
303 103
303 253
303 257
303 265
303 266
303 272
303 281
303 296
303 319
303 346
303 424
303 428
304 23
304 31
304 39
304 53
304 56
304 101
304 303
304 376
306 16
306 272
306 275
306 276
306 284
306 297
306 299
307 260
307 289
307 291
312 0
312 3
312 4
312 7
312 15
312 18
312 46
312 62
312 63
312 65
312 69
312 77
312 87
312 93
312 108
312 115
312 125
312 163
312 187
312 188
312 190
312 194
312 202
312 250
312 251
312 253
312 254
312 257
312 258
312 265
312 268
312 281
312 282
312 284
312 285
312 296
312 313
312 315
312 319
312 320
312 322
312 327
312 334
312 343
312 344
312 346
312 358
312 375
312 437
312 438
312 440
312 444
312 452
312 453
312 459
312 468
312 471
313 1
313 15
313 16
313 62
313 63
313 66
313 94
313 126
313 187
313 188
313 190
313 226
313 250
313 251
313 254
313 258
313 266
313 272
313 312
313 315
313 316
313 319
313 320
313 344
313 351
313 354
313 378
313 440
313 441
315 1
315 4
315 7
315 10
315 15
315 41
315 62
315 65
315 69
315 72
315 93
315 97
315 125
315 126
315 159
315 190
315 233
315 250
315 253
315 254
315 257
315 288
315 303
315 312
315 316
315 319
315 322
315 334
315 343
315 346
315 353
315 368
315 375
315 440
315 455
315 462
315 469
316 4
316 66
316 87
316 251
316 282
316 285
316 322
316 327
316 331
316 379
316 448
319 0
319 7
319 8
319 38
319 69
319 72
319 84
319 93
319 132
319 250
319 253
319 257
319 258
319 260
319 265
319 273
319 312
319 313
319 315
319 316
319 320
319 334
319 335
319 350
319 351
319 358
319 383
319 437
319 444
319 452
319 453
319 462
319 476
320 4
320 8
320 39
320 93
320 97
320 195
320 258
320 312
320 313
320 319
320 323
320 350
320 438
322 0
322 25
322 62
322 63
322 73
322 253
322 260
322 312
322 319
322 343
322 344
322 346
323 26
323 73
323 104
323 254
323 312
323 313
323 316
323 320
323 337
323 347
323 350
323 445
327 0
327 7
327 15
327 62
327 66
327 77
327 80
327 85
327 93
327 140
327 171
327 187
327 188
327 218
327 233
327 250
327 265
327 266
327 268
327 272
327 273
327 281
327 296
327 300
327 312
327 313
327 315
327 319
327 320
327 328
327 331
327 334
327 335
327 343
327 346
327 358
327 359
327 390
327 437
327 452
328 19
328 62
328 66
328 78
328 80
328 84
328 85
328 202
328 203
328 251
328 312
328 313
328 316
328 327
328 331
328 334
328 338
328 343
328 344
328 365
328 440
328 453
328 484
330 25
330 77
330 80
330 205
330 260
330 268
330 315
330 327
330 346
330 353
330 358
330 365
330 452
331 11
331 66
331 268
331 327
331 328
331 347
331 369
331 394
334 7
334 8
334 84
334 147
334 257
334 272
334 273
334 296
334 312
334 315
334 319
334 327
334 335
334 365
334 397
334 444
334 459
335 88
335 265
335 313
337 18
337 69
337 212
337 260
337 265
337 268
337 330
337 331
337 334
337 397
337 462
338 72
338 73
338 87
338 261
343 0
343 1
343 34
343 62
343 69
343 93
343 94
343 96
343 100
343 225
343 250
343 251
343 260
343 281
343 282
343 284
343 296
343 312
343 327
343 338
343 344
343 347
343 358
343 437
343 468
343 471
343 483
343 486
344 32
344 63
344 94
344 282
344 288
344 313
344 359
344 479
346 3
346 72
346 96
346 233
346 281
346 284
346 312
346 315
346 344
346 347
346 350
346 358
346 361
346 378
346 468
347 97
347 292
347 297
347 313
347 438
347 472
350 31
350 93
350 100
350 101
350 115
350 133
350 288
350 289
350 327
350 343
350 365
350 444
350 471
350 475
351 101
351 116
351 296
351 328
353 69
353 97
353 103
353 284
353 323
353 440
353 479
354 41
354 351
358 31
358 46
358 47
358 63
358 69
358 77
358 94
358 108
358 115
358 118
358 299
358 312
358 320
358 413
358 459
358 483
359 62
359 77
359 251
359 266
359 268
359 281
359 282
359 300
359 313
359 328
359 344
359 358
359 366
361 49
361 80
361 85
361 96
361 111
361 112
361 206
361 284
361 299
361 346
361 359
361 444
361 493
362 109
362 312
362 328
362 346
362 438
365 94
365 108
365 257
365 281
365 327
365 334
365 343
366 108
366 115
368 19
368 272
368 350
368 353
368 421
368 490
375 0
375 1
375 3
375 8
375 11
375 15
375 22
375 53
375 62
375 63
375 77
375 125
375 126
375 128
375 132
375 143
375 156
375 164
375 187
375 195
375 250
375 253
375 257
375 266
375 268
375 281
375 282
375 288
375 289
375 312
375 315
375 319
375 327
375 343
375 376
375 378
375 382
375 390
375 397
375 406
375 409
375 424
375 437
375 438
375 440
375 444
375 445
375 468
376 1
376 8
376 31
376 35
376 63
376 125
376 126
376 129
376 133
376 140
376 148
376 156
376 157
376 187
376 190
376 234
376 251
376 253
376 265
376 266
376 273
376 375
376 379
376 390
376 391
376 393
376 394
376 406
376 437
376 438
376 445
376 469
378 3
378 4
378 19
378 22
378 34
378 62
378 65
378 125
378 128
378 156
378 159
378 166
378 190
378 197
378 250
378 253
378 260
378 281
378 316
378 327
378 361
378 375
378 376
378 379
378 382
378 385
378 386
378 393
378 406
378 409
378 437
378 447
379 0
379 4
379 49
379 125
379 129
379 159
379 254
379 272
379 289
379 313
379 375
379 376
379 378
379 393
379 394
379 407
379 410
379 448
382 7
382 8
382 10
382 22
382 38
382 72
382 94
382 125
382 126
382 132
382 136
382 164
382 194
382 250
382 251
382 257
382 258
382 275
382 288
382 312
382 320
382 327
382 375
382 383
382 385
382 391
382 397
382 398
382 413
382 438
382 440
382 462
383 7
383 8
383 125
383 126
383 132
383 141
383 166
383 195
383 258
383 375
383 376
383 382
383 414
383 463
385 10
385 65
385 128
385 135
385 178
385 250
385 253
385 257
385 260
385 261
385 265
385 291
385 322
385 382
385 386
385 407
385 428
385 447
386 11
386 136
386 160
386 260
386 261
386 275
386 379
386 383
386 385
386 400
390 0
390 3
390 15
390 18
390 32
390 46
390 125
390 140
390 147
390 171
390 187
390 257
390 265
390 266
390 272
390 296
390 312
390 327
390 328
390 375
390 391
390 393
390 425
390 437
390 452
390 456
390 462
391 1
391 126
391 140
391 141
391 148
391 266
391 376
391 383
391 394
391 407
391 414
393 19
393 143
393 148
393 190
393 206
393 250
393 265
393 268
393 269
393 312
393 334
393 375
393 378
393 390
393 394
393 400
394 80
394 129
394 151
394 254
394 269
394 376
394 391
394 425
394 463
397 7
397 22
397 23
397 38
397 125
397 218
397 243
397 257
397 266
397 272
397 276
397 375
397 382
397 390
397 400
398 132
398 265
398 268
398 273
398 383
398 391
398 397
400 87
400 268
400 291
400 337
400 382
400 385
400 393
401 382
401 428
406 0
406 39
406 93
406 125
406 140
406 156
406 159
406 160
406 171
406 218
406 221
406 254
406 281
406 282
406 343
406 375
406 378
406 379
406 382
406 390
406 407
406 409
406 413
406 431
406 440
406 468
406 469
407 7
407 126
407 129
407 157
407 218
407 219
407 226
407 233
407 313
407 376
407 406
407 417
407 422
407 468
409 32
409 34
409 126
409 128
409 159
409 187
409 250
409 281
409 284
409 288
409 296
409 300
409 319
409 406
409 414
409 416
409 424
410 35
410 96
410 128
410 157
410 160
410 269
410 316
410 425
413 1
413 132
413 156
413 163
413 164
413 178
413 281
413 288
413 289
413 292
413 303
413 382
413 385
413 397
413 406
413 414
413 428
414 234
414 288
414 289
414 307
414 413
416 34
416 159
416 163
416 197
416 253
416 306
416 385
416 447
416 484
417 87
417 136
417 385
417 406
421 31
421 49
421 93
421 111
421 157
421 159
421 171
421 178
421 265
421 281
421 284
421 296
421 343
421 358
421 365
421 375
421 406
421 413
421 425
421 428
422 156
422 175
422 282
422 379
422 390
422 407
422 425
422 484
424 159
424 288
424 299
424 393
424 397
425 156
425 237
425 394
428 240
428 265
428 272
428 273
428 303
428 368
428 406
428 413
428 424
429 251
429 288
429 292
429 393
429 398
431 194
431 260
432 160
437 0
437 7
437 62
437 93
437 125
437 163
437 187
437 188
437 191
437 194
437 195
437 197
437 222
437 251
437 312
437 313
437 319
437 327
437 375
437 406
437 438
437 440
437 452
437 455
437 468
437 469
438 1
438 62
438 63
438 78
438 156
438 188
438 218
438 225
438 250
438 251
438 266
438 285
438 320
438 327
438 328
438 376
438 383
438 386
438 391
438 437
438 441
438 456
438 468
440 1
440 18
440 62
440 65
440 66
440 125
440 190
440 221
440 236
440 268
440 315
440 378
440 437
440 444
440 448
440 455
440 462
441 126
441 129
441 188
441 190
441 222
441 337
441 376
441 378
441 440
441 472
444 8
444 22
444 69
444 72
444 103
444 132
444 194
444 251
444 257
444 258
444 288
444 319
444 320
444 322
444 351
444 382
444 383
444 397
444 445
444 447
444 459
444 469
445 73
445 88
445 125
445 188
445 195
445 257
445 289
445 383
447 11
447 84
447 132
447 135
447 197
447 347
447 440
448 70
448 73
448 344
448 438
448 441
452 62
452 66
452 148
452 203
452 253
452 296
452 312
452 327
452 343
452 375
452 382
452 390
452 400
452 437
452 440
452 459
452 460
452 483
453 77
453 78
453 157
453 202
453 206
453 266
453 269
453 359
453 375
453 390
453 397
455 221
455 312
455 315
455 319
455 331
455 424
455 438
455 452
455 456
455 483
456 135
456 143
456 188
456 206
456 455
459 203
459 209
459 288
459 385
459 444
460 85
460 265
460 428
460 429
462 268
462 275
462 319
462 334
462 335
462 447
463 368
468 31
468 62
468 159
468 187
468 194
468 219
468 225
468 250
468 254
468 320
468 343
468 354
468 376
468 382
468 406
468 421
468 437
468 440
468 472
468 483
469 188
469 222
469 234
469 313
469 343
469 344
469 379
469 441
471 34
471 103
471 191
471 250
471 253
471 282
471 303
471 315
471 346
471 441
472 39
472 65
472 80
472 487
475 69
475 288
475 409
475 414
475 417
475 471
476 320
476 354
476 376
478 103
478 343
483 46
483 119
483 234
483 272
483 459
483 468
483 490
484 46
484 234
484 344
486 47
486 156
486 191
490 38
490 69
490 115
491 112
491 390
493 87
493 181
493 327
493 337
494 229
